Feature	Gain	Cover	Frequency
mpasivos_margen	0.131871482512488	0.0337742841344708	0.0396253602305476
ctrx_quarter	0.0743710173405246	0.0436918606695009	0.0396253602305476
cpayroll_trx	0.061712197709779	0.0207153143602847	0.00576368876080692
mpayroll	0.0497993483619529	0.0376801109710438	0.0136887608069164
Visa_msaldototal	0.04670999967795	0.0140770752627652	0.0201729106628242
mcaja_ahorro	0.0346218672365975	0.0177856488921126	0.029178674351585
mtarjeta_visa_consumo	0.0340892798336019	0.0235747059361046	0.0234149855907781
mrentabilidad_annual	0.0280290681877126	0.0259410791892946	0.029178674351585
mcuentas_saldo	0.0247040901401047	0.0332003367136792	0.0302593659942363
Master_fechaalta	0.0230382699544196	0.0399242991784974	0.0378242074927954
Visa_Fvencimiento	0.0221096055865384	0.0161815873708124	0.026657060518732
ctarjeta_visa_trx	0.0213479267720508	0.00718619653298872	0.00900576368876081
numero_de_cliente	0.0209249223301753	0.0267048590227382	0.0309798270893372
mactivos_margen	0.020070263463412	0.0267762225217124	0.0223342939481268
mprestamos_personales	0.0194973013930063	0.0247651757227524	0.00936599423631124
ctarjeta_visa_trx2	0.0193736098523531	0.00587794600526642	0.00756484149855908
chomebanking_trx	0.019099647183263	0.0202662817365563	0.0248559077809798
Master_Fvencimiento	0.0180056278140918	0.027330832292348	0.0338616714697406
mcuenta_corriente	0.0173084574855874	0.0143913292821147	0.0194524495677233
cliente_antiguedad	0.0158884155341612	0.019032858509912	0.0219740634005764
Visa_fechaalta	0.0154251536116179	0.0132962058096701	0.018371757925072
mcaja_ahorro_dolares	0.0153978585315438	0.0250587386858259	0.0306195965417867
Visa_mpagominimo	0.014743087858173	0.017572785636333	0.0219740634005764
mcomisiones_otras	0.0144999067910171	0.0119358835549561	0.0219740634005764
cliente_edad	0.0123502542310134	0.0203002545240782	0.0223342939481268
Master_mfinanciacion_limite	0.01174061696253	0.013414468271567	0.0194524495677233
Visa_mfinanciacion_limite	0.0109129602253307	0.0142558739746759	0.0187319884726225
mrentabilidad	0.0107125204756291	0.0170500382572355	0.0198126801152738
mcomisiones	0.0105227517044241	0.0114860824718206	0.0154899135446686
ccomisiones_otras	0.009880673842769	0.0088028401433881	0.0115273775216138
Visa_mconsumospesos	0.00925714428739243	0.0145794871414318	0.0230547550432277
Visa_msaldopesos	0.00874593454153768	0.0202925355213766	0.0262968299711816
Visa_mlimitecompra	0.00786612307083938	0.0121695181538155	0.0104466858789625
Visa_mpagospesos	0.00780566229055189	0.00920503115191067	0.0147694524495677
Visa_mconsumototal	0.00757166536911513	0.008506937393463	0.0115273775216138
mtransferencias_recibidas	0.00756117958150358	0.0115049154620674	0.0129682997118156
cprestamos_personales	0.00752939254542527	0.00126572146083124	0.0010806916426513
mpagomiscuentas	0.00666946263197972	0.0139793891617105	0.00972622478386167
mtransferencias_emitidas	0.00652052248071933	0.00765212379413092	0.013328530259366
Master_mlimitecompra	0.00646407634716423	0.00606098844823145	0.00900576368876081
mautoservicio	0.00635282425379202	0.0162358383110483	0.0216138328530259
ctarjeta_debito_trx	0.00608468908870661	0.0211145347570692	0.0226945244956772
mcomisiones_mantenimiento	0.00607666580585413	0.0078508680419972	0.00720461095100865
Master_mpagospesos	0.00598712267849235	0.0225029573930893	0.00936599423631124
mtarjeta_visa_debitos_automaticos	0.00566828502196081	0.00756590723646639	0.0104466858789625
Visa_cconsumos	0.00479712239405417	0.00218568206661995	0.00540345821325648
cproductos	0.00371610076864077	0.00636247686578761	0.00504322766570605
ccaja_ahorro	0.00356236370274463	0.0148937755694115	0.00432276657060519
Visa_mpagado	0.00339465201035397	0.0130270270958443	0.00828530259365994
ctransferencias_recibidas	0.00332944972469919	0.00679040552967791	0.00360230547550432
mplazo_fijo_dolares	0.00290685428226409	0.0159208043627482	0.00396253602305476
ctransferencias_emitidas	0.00283907696918306	0.0032784313435828	0.00396253602305476
ccaja_seguridad	0.00276032707332782	0.0097822359230251	0.00288184438040346
mcuenta_debitos_automaticos	0.00273899122082544	0.0101166992778282	0.00540345821325648
Master_msaldopesos	0.00256992090615046	0.00661073513246961	0.00432276657060519
Master_msaldototal	0.00252174830446575	0.00550270842371095	0.00432276657060519
ccallcenter_trx	0.00215507047551151	0.00824919381439726	0.00288184438040346
cseguro_accidentes_personales	0.0018490899227711	0.005300741234152	0.00288184438040346
mtarjeta_master_consumo	0.00176827236507938	0.00548584819492728	0.00288184438040346
ccomisiones_mantenimiento	0.00176388061962693	0.00337378912732935	0.00324207492795389
cpagomiscuentas	0.00176358342762154	0.0050858937473658	0.00324207492795389
ccuenta_debitos_automaticos	0.00163636890370853	0.00446673338652984	0.00252161383285303
thomebanking	0.00161099147700709	0.00210861820458085	0.00144092219020173
matm	0.00145699004502234	0.00250452390332556	0.00324207492795389
mextraccion_autoservicio	0.00144175206468845	0.00548764891323955	0.00684438040345821
ctarjeta_debito	0.00140357609772831	0.00251445652790152	0.00288184438040346
catm_trx	0.00131265531377637	0.00328426934116844	0.00216138328530259
Master_mconsumospesos	0.00104783999623271	0.00156651023624059	0.00288184438040346
Visa_mconsumosdolares	0.00102390832036029	0.00440885807058263	0.00324207492795389
mtarjeta_visa_descuentos	0.000971444828360876	0.00809872487466054	0.00468299711815562
Visa_mpagosdolares	0.000888835839061501	0.00372254353319674	0.00288184438040346
Master_cconsumos	0.000785977877480407	0.00352395985893792	0.00180115273775216
ctarjeta_visa_debitos_automaticos	0.000775747276730913	0.00298336587032518	0.00252161383285303
Visa_fultimo_cierre	0.000763238282955513	0.00187897500682122	0.00252161383285303
tcallcenter	0.000701321912168897	0.00142631800738155	0.000720461095100865
cmobile_app_trx	0.000690953296113893	0.000255438200844298	0.000720461095100865
Master_mpagominimo	0.000664440286404503	0.00186725313347639	0.00180115273775216
Master_mconsumosdolares	0.000579881973733082	0.00132946918299426	0.00216138328530259
ccajas_consultas	0.000557757860558543	0.00516676549781047	0.0010806916426513
cextraccion_autoservicio	0.000424433898451123	0.000986266036127754	0.0010806916426513
ctarjeta_master_trx	0.000383330089764941	0.000215765050257417	0.000360230547550432
Master_fultimo_cierre	0.000331556044329306	0.00235252951431794	0.00216138328530259
Visa_msaldodolares	0.00032972911732715	0.000967673906292156	0.000720461095100865
Visa_delinquency	0.000238352903391983	0.00142223484993462	0.000720461095100865
Master_status	0.000218323345157028	0.000197058224987917	0.000360230547550432
mttarjeta_master_debitos_automaticos	0.000214251873380947	0.000266494840672501	0.000720461095100865
Master_mpagosdolares	0.000141690408821822	0.000136992226253168	0.000360230547550432
ctarjeta_visa_descuentos	4.48497722189879e-05	0.0021740863582524	0.00180115273775216
Master_mconsumototal	4.3641288923249e-06	0.000182090470863638	0.000360230547550432
