fecha	gamma	alpha	lambda	subsample	tree_method	grow_policy	max_bin	max_leaves	scale_pos_weight	eta	colsample_bytree	min_child_weight	max_depth	prob_corte	nrounds	ganancia	iteracion
20220529 215429	0	0	0	1	auto	depthwise	256	0	1	0.201879855228704	0.98243064424023	7	16	0.0295196655604135	13	9428000	1
20220529 220019	0	0	0	1	auto	depthwise	256	0	1	0.11025093529385	0.510407257964835	6	19	0.0337195342333871	28	8736000	2
20220529 221046	0	0	0	1	auto	depthwise	256	0	1	0.0754124600877985	0.756551231937483	7	28	0.0123605325463965	21	13272000	3
20220529 221227	0	0	0	1	auto	depthwise	256	0	1	0.0899409578553168	0.310463919332251	2	3	0.0316702896646651	80	11281000	4
20220529 221804	0	0	0	1	auto	depthwise	256	0	1	0.130557458917494	0.651863701567054	5	10	0.0204513961589934	52	11151000	5
20220529 222207	0	0	0	1	auto	depthwise	256	0	1	0.252197538565728	0.702466595312581	10	21	0.0466003749660255	9	7077000	6
20220529 222418	0	0	0	1	auto	depthwise	256	0	1	0.174907665413455	0.277792708342895	6	12	0.0144180860200625	16	11855000	7
20220529 223309	0	0	0	1	auto	depthwise	256	0	1	0.0538579918181058	0.857229101425037	0	7	0.0283468869752445	72	8852000	8
20220529 225233	0	0	0	1	auto	depthwise	256	0	1	0.0426218624394387	0.770472847986966	4	25	0.0356285335806509	80	8749000	9
20220529 225743	0	0	0	1	auto	depthwise	256	0	1	0.292559072299511	0.835951222693548	2	18	0.0396709086936122	3	7531000	10
20220529 230144	0	0	0	1	auto	depthwise	256	0	1	0.186127971414127	0.624239445934072	0	23	0.0225575216133924	2	4252000	11
20220529 230300	0	0	0	1	auto	depthwise	256	0	1	0.263434253819752	0.365081787146628	8	5	0.0424534013407538	17	7686000	12
20220529 230816	0	0	0	1	auto	depthwise	256	0	1	0.0355330462575657	0.414358320496976	1	7	0.0146155450143851	42	13133000	13
20220529 234723	0	0	0	1	auto	depthwise	256	0	1	0.0106388408982893	0.526880226805806	9	14	0.0248005481514459	520	12133000	14
20220529 235133	0	0	0	1	auto	depthwise	256	0	1	0.213926273383084	0.465072667719796	3	26	0.0488029838631822	9	5418000	15
20220529 235859	0	0	0	1	auto	depthwise	256	0	1	0.147070265056449	0.946548173604533	10	30	0.0449184522362581	21	8315000	16
20220530 000217	0	0	0	1	auto	depthwise	256	0	1	0.280672523949412	0.583684456646442	9	16	0.0169127506689013	8	10984000	17
20220530 000315	0	0	0	1	auto	depthwise	256	0	1	0.232754041743581	0.215659934310243	3	4	0.0256867355793171	32	10703000	18
20220530 000807	0	0	0	1	auto	depthwise	256	0	1	0.111935504114721	0.32919060763903	4	29	0.00841643163536598	27	11101000	19
20220530 001325	0	0	0	1	auto	depthwise	256	0	1	0.156505050188745	0.906052136132494	5	9	0.0386275397298353	27	8537000	20
20220530 002024	0	0	0	1	auto	depthwise	256	0	1	0.0111441856007024	0.271809856241296	4	2	0.00834090708910363	678	11409000	21
20220530 010439	0	0	0	1	auto	depthwise	256	0	1	0.0102163153615874	0.773933539784092	8	18	0.0131094618319054	218	13309000	22
20220530 014451	0	0	0	1	auto	depthwise	256	0	1	0.0101478805532575	0.668186655117258	9	30	0.0129031688039674	197	13359000	23
20220530 020403	0	0	0	1	auto	depthwise	256	0	1	0.0100624836007253	0.520234666713774	7	5	0.0160197607875575	459	13313000	24
20220530 021848	0	0	0	1	auto	depthwise	256	0	1	0.0106163484020989	0.413759719681722	3	2	0.0153280595846418	1421	13062000	25
20220530 023203	0	0	0	1	auto	depthwise	256	0	1	0.0569425065577554	0.998682507241639	9	30	0.0113996289234174	25	13199000	26
20220530 030529	0	0	0	1	auto	depthwise	256	0	1	0.0100833592513322	0.815669760412929	6	9	0.0138574149317356	222	13067000	27
20220530 031206	0	0	0	1	auto	depthwise	256	0	1	0.0679097906732054	0.613430743467243	9	10	0.0144409068805726	61	13116000	28
20220530 032027	0	0	0	1	auto	depthwise	256	0	1	0.0117928388686561	0.201307278118508	9	2	0.0211040640405766	1225	13180000	29
20220530 041202	0	0	0	1	auto	depthwise	256	0	1	0.014487184824495	0.949608324544077	8	30	0.0145446455689564	233	12784000	30
20220530 045345	0	0	0	1	auto	depthwise	256	0	1	0.0100326547471114	0.709563549284067	8	26	0.0114120574725535	146	13475000	31
20220530 050805	0	0	0	1	auto	depthwise	256	0	1	0.0106084788623423	0.375619157922863	10	2	0.0265060530125332	1560	12140000	32
20220530 052120	0	0	0	1	auto	depthwise	256	0	1	0.0104353312512328	0.200202677837866	7	8	0.0176480849826933	449	13158000	33
20220530 053030	0	0	0	1	auto	depthwise	256	0	1	0.0101361358397966	0.219703420626571	0	2	0.0131588323952778	1172	13261000	34
20220530 054242	0	0	0	1	auto	depthwise	256	0	1	0.0455124273432971	0.722033343387455	10	25	0.0122444570148181	55	13122000	35
20220530 055655	0	0	0	1	auto	depthwise	256	0	1	0.0359988889073269	0.714581269771932	8	30	0.0114777186661829	38	13147000	36
20220530 114225	0	0	0	1	auto	depthwise	256	0	1	0.0100538035979172	0.648517543573836	1	5	0.01224710673986	392	13223000	37
20220530 122030	0	0	0	1	auto	depthwise	256	0	1	0.0102736440840934	0.574381479121442	7	25	0.0125002662799663	214	13078000	38
20220530 125000	0	0	0	1	auto	depthwise	256	0	1	0.010185011975234	0.623982981280354	9	6	0.0188442116644086	626	13198000	39
20220530 125710	0	0	0	1	auto	depthwise	256	0	1	0.100376146965235	0.831106516712777	9	26	0.00835930285690258	8	11717000	40
20220530 130851	0	0	0	1	auto	depthwise	256	0	1	0.0102898784069796	0.203695316224458	9	6	0.0158470454140699	566	13452000	41
20220530 132149	0	0	0	1	auto	depthwise	256	0	1	0.0101940026078731	0.217947547786103	2	6	0.0129394955517445	523	13160000	42
20220530 133701	0	0	0	1	auto	depthwise	256	0	1	0.0101504314305745	0.320211920219636	9	4	0.0172463064524746	863	13735000	43
20220530 172522	0	0	0	1	auto	depthwise	256	0	1	0.0100719748170302	0.996199082441483	1	27	0.0107725712945551	234	11352000	44
20220530 172747	0	0	0	1	auto	depthwise	256	0	1	0.0798220023910787	0.212600593239064	10	3	0.0178916895379098	206	13190000	45
20220530 174233	0	0	0	1	auto	depthwise	256	0	1	0.0100296865884307	0.434733494597924	9	2	0.0133317327016727	1359	13147000	46
20220530 174411	0	0	0	1	auto	depthwise	256	0	1	0.113989222824195	0.402395830657772	1	2	0.0126842181760859	105	12904000	47
20220530 174907	0	0	0	1	auto	depthwise	256	0	1	0.0876425087602418	0.998901023312621	7	5	0.012194134717121	47	12770000	48
20220530 175537	0	0	0	1	auto	depthwise	256	0	1	0.0141683250852989	0.307384378263546	8	2	0.0173531212708775	656	13210000	49
20220530 181325	0	0	0	1	auto	depthwise	256	0	1	0.0100888482280528	0.367377770655075	10	8	0.0171290851516775	333	13244000	50
20220530 185853	0	0	0	1	auto	depthwise	256	0	1	0.0100529291105149	0.981476584693567	9	14	0.0123809953520161	168	13322000	51
20220530 195358	0	0	0	1	auto	depthwise	256	0	1	0.0102518684145742	0.963292743258021	9	27	0.0124938826830725	182	13328000	52
20220530 202546	0	0	0	1	auto	depthwise	256	0	1	0.0101569786103143	0.657987764292862	8	14	0.0113660949224555	162	1.3e+07	53
20220530 202947	0	0	0	1	auto	depthwise	256	0	1	0.0686881262887758	0.278625330997112	9	25	0.0171631099098654	25	12056000	54
20220530 203726	0	0	0	1	auto	depthwise	256	0	1	0.0100253902414951	0.207609293412282	5	3	0.0259123842301627	595	12211000	55
20220530 205908	0	0	0	1	auto	depthwise	256	0	1	0.0101660789224244	0.734856816204175	9	2	0.0161252761327171	1368	13150000	56
20220530 211530	0	0	0	1	auto	depthwise	256	0	1	0.0103645186593708	0.200799510107307	10	28	0.0129300408691353	343	13135000	57
20220530 212043	0	0	0	1	auto	depthwise	256	0	1	0.222383063535153	0.767645618064728	9	30	0.0127999012544511	11	11160000	58
20220530 212222	0	0	0	1	auto	depthwise	256	0	1	0.29864688473428	0.798434196238542	10	3	0.0137176263008772	29	12156000	59
20220530 213448	0	0	0	1	auto	depthwise	256	0	1	0.0103631797524275	0.231492327884445	0	4	0.0166689337313052	790	13176000	60
20220530 214539	0	0	0	1	auto	depthwise	256	0	1	0.0706708179551705	0.999666234961827	8	15	0.0142300935187443	35	12945000	61
20220530 220734	0	0	0	1	auto	depthwise	256	0	1	0.0104375053411505	0.727152692607236	10	4	0.0140662779972219	588	13549000	62
20220530 220834	0	0	0	1	auto	depthwise	256	0	1	0.29999389136149	0.200463001198638	0	4	0.0128780206559429	29	10538000	63
20220530 221138	0	0	0	1	auto	depthwise	256	0	1	0.0600568721235714	0.277681573893445	2	4	0.0141768944639914	162	12922000	64
20220530 221414	0	0	0	1	auto	depthwise	256	0	1	0.148872629203015	0.777270888556479	10	4	0.0145869771379266	40	12834000	65
20220530 225100	0	0	0	1	auto	depthwise	256	0	1	0.0102827113693488	0.72461772653877	9	13	0.0151473827238266	253	13163000	66
20220530 232251	0	0	0	1	auto	depthwise	256	0	1	0.0101013930108311	0.998162065867724	9	5	0.0134626325743424	471	13289000	67
20220530 233416	0	0	0	1	auto	depthwise	256	0	1	0.0103251655837483	0.283704915455697	10	4	0.0178227474752853	623	13412000	68
20220530 233538	0	0	0	1	auto	depthwise	256	0	1	0.119237416309301	0.213560838790107	9	4	0.0230548531620358	50	12205000	69
20220531 000557	0	0	0	1	auto	depthwise	256	0	1	0.0100261010852195	0.367752366056452	0	7	0.011043327147509	838	13022000	70
20220531 001748	0	0	0	1	auto	depthwise	256	0	1	0.0718293192579126	0.998686604998827	6	21	0.0113517916475276	15	12430000	71
20220531 001849	0	0	0	1	auto	depthwise	256	0	1	0.23600690092755	0.233937265406771	9	2	0.0172202244988346	79	13158000	72
20220531 002014	0	0	0	1	auto	depthwise	256	0	1	0.226542957219657	0.50576650429011	6	2	0.0167934425767241	85	13568000	73
20220531 002230	0	0	0	1	auto	depthwise	256	0	1	0.241463156619614	0.999510763376584	6	2	0.0167153661154552	85	12810000	74
20220531 002359	0	0	0	1	auto	depthwise	256	0	1	0.192817645440052	0.402508561187204	7	3	0.0169450002672055	64	12631000	75
20220531 002512	0	0	0	1	auto	depthwise	256	0	1	0.275364816376786	0.457169028779646	5	2	0.015612274560517	74	12896000	76
20220531 002700	0	0	0	1	auto	depthwise	256	0	1	0.233498821645361	0.517932929749473	6	2	0.0134659234558675	130	13115000	77
20220531 002757	0	0	0	1	auto	depthwise	256	0	1	0.239459584492942	0.200762867017353	6	2	0.0172270441920167	106	12877000	78
20220531 002920	0	0	0	1	auto	depthwise	256	0	1	0.233445397841091	0.60250221980199	10	2	0.0170839444487653	57	13349000	79
20220531 003228	0	0	0	1	auto	depthwise	256	0	1	0.0909249245127132	0.548227178872217	9	4	0.0165945172814815	86	13236000	80
20220531 003412	0	0	0	1	auto	depthwise	256	0	1	0.223511195400785	0.599250647979134	4	2	0.0155673056824527	103	13099000	81
20220531 003950	0	0	0	1	auto	depthwise	256	0	1	0.0556865949639331	0.802569789601677	10	5	0.0129240600209532	78	13297000	82
20220531 004050	0	0	0	1	auto	depthwise	256	0	1	0.299814399134952	0.252799483568054	10	2	0.0251380709692112	85	11860000	83
20220531 004219	0	0	0	1	auto	depthwise	256	0	1	0.246902415618018	0.568291655580339	6	2	0.0192606277071621	84	12798000	84
20220531 004619	0	0	0	1	auto	depthwise	256	0	1	0.114321796105823	0.641930299247069	5	5	0.0141566861547732	85	12808000	85
20220531 004728	0	0	0	1	auto	depthwise	256	0	1	0.228179863036936	0.41859479758727	10	2	0.0150138990219942	73	12960000	86
20220531 005240	0	0	0	1	auto	depthwise	256	0	1	0.0890517385296158	0.994130255042474	0	2	0.0122235777022629	250	13346000	87
20220531 005841	0	0	0	1	auto	depthwise	256	0	1	0.107014722661861	0.979358817926826	0	2	0.00833390239627456	315	12436000	88
20220531 012245	0	0	0	1	auto	depthwise	256	0	1	0.0104068555472379	0.964742207865087	0	4	0.0139463136330049	363	13033000	89
20220531 012457	0	0	0	1	auto	depthwise	256	0	1	0.230919251852362	0.62515011090933	6	5	0.0161017454740491	21	11997000	90
20220531 013303	0	0	0	1	auto	depthwise	256	0	1	0.0728076099057701	0.608856232383096	10	29	0.0132514129183398	44	13184000	91
20220531 021610	0	0	0	1	auto	depthwise	256	0	1	0.0101171629715731	0.784030964689399	10	19	0.0116592815599449	221	13314000	92
20220531 022239	0	0	0	1	auto	depthwise	256	0	1	0.0266023910809905	0.390246795168396	9	4	0.0170100808746637	283	13942000	93
20220531 023040	0	0	0	1	auto	depthwise	256	0	1	0.0992573549498975	0.997173039149937	0	11	0.0116860653658787	8	9101000	94
20220531 023343	0	0	0	1	auto	depthwise	256	0	1	0.112948717283809	0.974796417681336	5	2	0.0144481228620704	114	12831000	95
20220531 023812	0	0	0	1	auto	depthwise	256	0	1	0.052957418024271	0.61901404926216	0	2	0.0143976581177866	301	12735000	96
20220531 024514	0	0	0	1	auto	depthwise	256	0	1	0.0321502779297688	0.381936967810266	9	9	0.0138929175237396	107	13488000	97
20220531 031615	0	0	0	1	auto	depthwise	256	0	1	0.0100303386801484	0.695683985014881	10	28	0.00851963102018512	52	12037000	98
20220531 032108	0	0	0	1	auto	depthwise	256	0	1	0.0485700967129843	0.210610747728688	9	16	0.0136676246677156	101	12612000	99
20220531 034035	0	0	0	1	auto	depthwise	256	0	1	0.0100385442287853	0.202538378914068	10	30	0.0246481185891915	465	12212000	100
20220531 034942	0	0	0	1	auto	depthwise	256	0	1	0.0276737802865422	0.370304196955131	5	7	0.016519476504384	234	13129000	101
20220531 035547	0	0	0	1	auto	depthwise	256	0	1	0.0308682411157776	0.435169886501459	9	4	0.0152857105376083	246	13565000	102
20220531 040204	0	0	0	1	auto	depthwise	256	0	1	0.138889595460284	0.86608117444419	10	16	0.0125144097037093	20	12214000	103
20220531 040814	0	0	0	1	auto	depthwise	256	0	1	0.0300548967544472	0.389906955984619	9	5	0.0172105011093803	201	13364000	104
20220531 041740	0	0	0	1	auto	depthwise	256	0	1	0.0302203196441506	0.641417796418318	9	3	0.0208438219854895	461	12951000	105
20220531 051816	0	0	0	1	auto	depthwise	256	0	1	0.0100793572133136	0.966167320895262	10	15	0.0188602913188641	414	12897000	106
20220531 060424	0	0	0	1	auto	depthwise	256	0	1	0.0103345069704159	0.999920071998018	10	17	0.0111121051697565	145	13005000	107
20220531 062132	0	0	0	1	auto	depthwise	256	0	1	0.015698525184805	0.701127929112621	9	7	0.0135555330776966	187	13423000	108
20220531 063615	0	0	0	1	auto	depthwise	256	0	1	0.01112358834365	0.200554061882378	9	10	0.0208676982014767	499	12590000	109
20220531 064846	0	0	0	1	auto	depthwise	256	0	1	0.0120550499837352	0.200726985505323	9	10	0.0141504446694627	384	13100000	110
20220531 070255	0	0	0	1	auto	depthwise	256	0	1	0.0100964472549395	0.936335660541414	1	2	0.0114451876388208	486	12645000	111
20220531 071715	0	0	0	1	auto	depthwise	256	0	1	0.0234209356154587	0.808591198436062	9	4	0.0168416082157338	404	13264000	112
20220531 074442	0	0	0	1	auto	depthwise	256	0	1	0.0100398129406988	0.41773867544651	9	28	0.0149910473747804	215	13340000	113
20220531 081301	0	0	0	1	auto	depthwise	256	0	1	0.010061954535758	0.28636354454299	9	30	0.0182867781735689	527	12848000	114
20220531 083549	0	0	0	1	auto	depthwise	256	0	1	0.0106979343000207	0.411718849639698	9	20	0.0125289353995345	161	13289000	115
20220531 090859	0	0	0	1	auto	depthwise	256	0	1	0.0100568971381875	0.604221607833897	10	20	0.0158429241720238	188	13236000	116
20220531 092048	0	0	0	1	auto	depthwise	256	0	1	0.0105080740834718	0.453740306115729	9	3	0.0170026794882221	555	13412000	117
20220531 092600	0	0	0	1	auto	depthwise	256	0	1	0.0275257367030742	0.363118126677095	9	4	0.016664805662103	198	13810000	118
20220531 101949	0	0	0	1	auto	depthwise	256	0	1	0.0107376975267711	0.987392868170484	10	20	0.0138204387399571	239	13179000	119
20220531 102139	0	0	0	1	auto	depthwise	256	0	1	0.0798988140953676	0.518821980817935	5	2	0.0124159700365597	78	13040000	120