Feature	Gain	Cover	Frequency
mtarjeta_visa_consumo	0.0868150032739374	0.0208776645099894	0.0249974282481226
mpayroll	0.0657997558711742	0.0286969032998051	0.00936117683365909
mpasivos_margen	0.0466095652869453	0.0194956040016671	0.0262318691492645
cpayroll_trx	0.043696989572376	0.0164050347272054	0.00411480300380619
ctrx_quarter	0.0388266899924493	0.0208979812721209	0.0246888180228372
mcaja_ahorro	0.0382907824313151	0.0175737414296653	0.0283921407262627
mactivos_margen	0.03132363148119	0.0248157445594881	0.0273634399753112
mcuentas_saldo	0.0297061494974554	0.0252320334484576	0.0281864005760724
Visa_msaldototal	0.0284995645258438	0.0148661979700688	0.0165620820903199
ctarjeta_visa_trx	0.0264975720536959	0.0175526360596979	0.0191338339676988
mrentabilidad_annual	0.0246655920361794	0.0217939054910329	0.0267462195247403
mcuenta_corriente	0.0211121136698782	0.0123582430654554	0.0189280938175085
Master_fechaalta	0.0205010001566086	0.0276113846136767	0.0333299043308302
active_quarter	0.0202777348283067	0.000376600683073909	0.000720090525666084
cliente_edad	0.0197111564735361	0.0237514778435017	0.0290093611768337
ccomisiones_mantenimiento	0.0175933311445717	0.017371675837249	0.00833247608270754
Visa_fechaalta	0.0159176433169574	0.0130301976037908	0.0231457668964098
mrentabilidad	0.015479302693561	0.0135786743536654	0.021294105544697
Master_Fvencimiento	0.0152978231202566	0.0181010167611822	0.023248636971505
cliente_antiguedad	0.0145015392280389	0.0144909015230312	0.021911325995268
Visa_Fvencimiento	0.0144453886472303	0.0141993390515962	0.0235572471967905
mprestamos_personales	0.0135278398892394	0.0215854400427175	0.00586359428042383
numero_de_cliente	0.0129495357408982	0.0123508625049398	0.0225285464458389
mcomisiones	0.0123666132432498	0.0139389114241442	0.0207797551692213
Visa_mconsumospesos	0.0118778133543039	0.0112443344972342	0.0202654047937455
mcomisiones_otras	0.0115726538268162	0.0104030618123864	0.0180022631416521
mcaja_ahorro_dolares	0.0114209062434884	0.016668348861544	0.0191338339676988
mtransferencias_recibidas	0.0109795532855696	0.0102976512316533	0.0175907828412715
Visa_mfinanciacion_limite	0.0108613438164354	0.0112879455215957	0.0171793025408909
Master_mfinanciacion_limite	0.0106191625752802	0.010343936445407	0.0168706923156054
Visa_msaldopesos	0.0101535600704191	0.0165689135017214	0.0247916880979323
cproductos	0.00950843784771749	0.00757992158750963	0.00874395638308816
Visa_mpagospesos	0.00931076144124087	0.00896441869183771	0.0176936529163666
chomebanking_trx	0.00923335740131932	0.0106241298205411	0.0144018105133217
Visa_mpagominimo	0.00916870448430697	0.00950196614593509	0.0141960703631314
Master_mlimitecompra	0.00904080339384298	0.0125108690127743	0.0154305112642732
cprestamos_personales	0.00889434047731214	0.00688120493453761	0.00339471247814011
ctarjeta_debito_trx	0.00883197574904922	0.0083121439631509	0.0105956177348009
Visa_cconsumos	0.0084399166690281	0.00951916386297203	0.0135788499125604
mcomisiones_mantenimiento	0.00823468315988668	0.0169436589343095	0.00936117683365909
mtransferencias_emitidas	0.00775772355800166	0.0127996713567837	0.0133731097623701
cpagomiscuentas	0.00753330694167563	0.0078358652716895	0.00699516510647053
ccomisiones_otras	0.00706921406817356	0.0129075134783442	0.0112128381853719
thomebanking	0.00633788806793077	0.00292834859847251	0.0031889723279498
Visa_mlimitecompra	0.00589472604855928	0.00840343543051421	0.00977265713403971
mtarjeta_visa_debitos_automaticos	0.00577757603643076	0.00736455076545158	0.0108013578849913
mautoservicio	0.00576030835130946	0.0171183861217477	0.0168706923156054
ctransferencias_emitidas	0.00541922295481302	0.0131024967657727	0.00771525563213661
Master_mpagominimo	0.00532090671260528	0.00571276615653479	0.00576072420532867
mpagomiscuentas	0.00516837714245569	0.00964030615899586	0.0103898775846106
ctransferencias_recibidas	0.00515075123051065	0.0148980910908172	0.00843534615780269
Visa_mconsumototal	0.00502208494279069	0.00753612352154609	0.00987552720913486
mcuenta_debitos_automaticos	0.00484318194931481	0.0104746330286736	0.0103898775846106
Visa_mpagado	0.00451487812708977	0.0106440826098252	0.00792099578232692
Master_status	0.00396269371891954	0.0102465686535644	0.00185166135171279
matm	0.00387460774031513	0.0036388438171988	0.00401193292871104
Master_mpagospesos	0.00382581556013491	0.0152998766728559	0.00792099578232692
Master_msaldopesos	0.00378785063096952	0.00631213338771762	0.00596646435551898
ctarjeta_visa_debitos_automaticos	0.00360313552883319	0.00634777745086501	0.00668655488118506
ccallcenter_trx	0.0034693790813784	0.00445002302482122	0.00216027157699825
ccuenta_debitos_automaticos	0.00343827543340839	0.00742623405271926	0.00802386585742208
ccaja_ahorro	0.00311927143451783	0.00965353556096107	0.0031889723279498
Master_msaldototal	0.00300325798258924	0.00360610648165172	0.00473202345437712
ctarjeta_debito	0.00291158299056176	0.00418743178099891	0.00504063367966259
mdescubierto_preacordado	0.00290555045428462	0.00506002635143194	0.00154305112642732
cextraccion_autoservicio	0.00282677585809674	0.00470715973111182	0.00596646435551898
tcallcenter	0.0026113844224373	0.00271044513201836	0.00123444090114186
Visa_mpagosdolares	0.00244741954718312	0.00464528940224203	0.00421767307890135
mplazo_fijo_dolares	0.00241570114486252	0.0172853434999307	0.00277749202756918
cmobile_app_trx	0.00234061755074864	0.00179405249562179	0.00390906285361588
Visa_mconsumosdolares	0.00233612714221095	0.00320720235132121	0.00411480300380619
mextraccion_autoservicio	0.00213173485886148	0.00817276258333247	0.0095669169838494
catm_trx_other	0.00158822834538233	0.000775732296434005	0.000617220450570929
Master_mconsumospesos	0.00156963057192527	0.00463647822622929	0.00421767307890135
Master_fultimo_cierre	0.00153591117154258	0.00222755426716357	0.00370332270342557
ccajas_consultas	0.00149965023570732	0.00887548799280369	0.00164592120152248
Visa_Finiciomora	0.00136543109446672	0.00493269651700329	0.00123444090114186
ccajas_trx	0.0013431801687769	0.00344596348399946	0.00144018105133217
cseguro_accidentes_personales	0.00126675869680521	0.00678610186263408	0.00216027157699825
Master_mconsumototal	0.00119685954579614	0.00429887318960538	0.00277749202756918
ctarjeta_master	0.00118282741162218	0.000530439873217338	0.000925830675856393
catm_trx	0.0011741242715838	0.00526275417222328	0.00308610225285464
ccaja_seguridad	0.00116542668375782	0.00612812994785068	0.00144018105133217
Visa_fultimo_cierre	0.00112820561896702	0.0015705883328888	0.00267462195247403
Visa_status	0.00110927853668926	0.00447924195617733	0.00123444090114186
Visa_msaldodolares	0.00107890884531743	0.00211372681433564	0.00185166135171279
Master_msaldodolares	0.000894065316192523	0.000128836277602374	0.00020574015019031
mtarjeta_master_consumo	0.000843300578305842	0.00207362408380831	0.00154305112642732
Master_mpagado	0.000761180103407823	0.00646025011587227	0.00174879127661763
cinversion1	0.000717229644071204	0.00633401725516408	0.000822960600761239
Master_cconsumos	0.000686114937970838	0.00144768177959105	0.00154305112642732
Visa_delinquency	0.000663913583133727	0.00144301584989525	0.000720090525666084
ctarjeta_master_trx	0.000636677240637522	0.000966812986110382	0.00144018105133217
mcheques_emitidos	0.000615526403439467	0.00241720434134275	0.000308610225285464
mtarjeta_visa_descuentos	0.000592072872793432	0.00525146090359879	0.00226314165209341
tpaquete7	0.000590021664801636	0.00463319236024633	0.000720090525666084
tmobile_app	0.000585706093587328	0.00552366709680506	0.000925830675856393
tpaquete9	0.000534282112748979	0.003043030376456	0.000822960600761239
ccajas_extracciones	0.000437598679762532	0.00252346419205302	0.000617220450570929
matm_other	0.000367697584537594	0.00111121921329352	0.00102870075095155
internet	0.000294792002255132	0.00188701722704718	0.000514350375475774
tpaquete1	0.000279516935026197	0.005311501257875	0.000720090525666084
Master_mconsumosdolares	0.00027142715056803	0.000374730267052843	0.000822960600761239
ctarjeta_visa	0.000263785603389993	0.000279045849629249	0.000617220450570929
mttarjeta_master_debitos_automaticos	0.000252377377265807	0.00185155009514503	0.000617220450570929
mforex_sell	0.000239677482565291	0.000826304301500871	0.000514350375475774
Visa_madelantopesos	0.000221576029799219	0.000206155231770478	0.000720090525666084
cplazo_fijo	0.000199528192092375	0.00115540652799658	0.000308610225285464
ccheques_depositados	0.00018663508102059	0.00372130388783562	0.000514350375475774
Master_mpagosdolares	0.000181870593590763	0.000469383428075634	0.00123444090114186
minversion2	0.000180228067046094	0.00392029087658483	0.000514350375475774
ctarjeta_master_debitos_automaticos	0.000179252194100221	0.00184859787093881	0.000514350375475774
Master_madelantopesos	0.000164453039654753	0.000122087614391232	0.00020574015019031
ccajeros_propios_descuentos	0.000145070569038415	0.00227751459563977	0.000411480300380619
minversion1_pesos	0.000137049891977588	0.000681508825578216	0.000102870075095155
mcaja_ahorro_adicional	0.000135584190795522	0.00134073947979201	0.000308610225285464
cseguro_auto	8.73406918711722e-05	0.00238631214592456	0.000308610225285464
ccajas_depositos	7.75472952368976e-05	0.00139457713012809	0.00020574015019031
cseguro_vivienda	7.72312615826741e-05	0.000141984796712622	0.000102870075095155
Master_delinquency	5.1618569665314e-05	0.000228190754570005	0.000102870075095155
ctarjeta_visa_descuentos	5.06234782144189e-05	0.000659028447076382	0.000514350375475774
Visa_cadelantosefectivo	2.7227391529043e-05	3.8292976647492e-05	0.000102870075095155
Master_madelantodolares	9.22393566608024e-06	8.49371080701202e-05	0.000102870075095155
cforex	8.63058171650001e-06	0.000192298987679287	0.000308610225285464
mcajeros_propios_descuentos	6.30519364411545e-06	0.000209051849013912	0.000102870075095155
Master_cadelantosefectivo	2.19868879165348e-12	3.74538170272301e-05	0.000102870075095155
cforex_sell	1.87342818601894e-12	0.000212565198026454	0.000411480300380619
