fecha	cp	minsplit	minbucket	maxdepth	xval_folds	ganancia	iteracion
20220520 205158	-0.38229638178309	4735	291	10	5	9214000	1
20220520 205242	-0.751599324436393	3481	614	5	5	9209000	2
20220520 205341	-0.703111608538893	5461	1286	14	5	8694000	3
20220520 205442	-0.122887571317551	3588	1432	19	5	8968000	4
20220520 205536	-0.474160609916726	7260	1713	12	5	8101000	5
20220520 205616	-0.522743278898997	1976	446	4	5	9356000	6
20220520 205645	0.0694557524213453	6260	1174	10	5	0	7
20220520 205803	-0.867704745335504	2847	198	13	5	9139000	8
20220520 205854	-0.855650335097744	5664	1094	8	5	8797000	9
20220520 205959	-0.209147621401644	4472	3	9	5	8671000	10
20220520 210052	-0.0573340243499841	7614	1901	18	5	8101000	11
20220520 210151	-0.984939055080758	6788	647	20	5	8483000	12
20220520 210245	-0.0515084225859027	6983	1434	11	5	8200000	13
20220520 210331	-0.575256243569311	2076	47	5	5	9656000	14
20220520 210439	-0.856924149999395	5175	1962	13	5	8454000	15
20220520 210533	-0.376764302095398	6153	1990	20	5	8454000	16
20220520 210607	-0.647326503646481	719	219	3	5	8622000	17
20220520 210809	-0.555639693252098	3697	4	20	5	9131000	18
20220520 210842	-0.134412368767432	7998	1262	3	5	8195000	19
20220520 210912	-0.574879705498203	7589	2	3	5	7933000	20
20220520 211035	-0.560204969168521	20	4	11	5	9052000	21
20220520 211127	-0.579029114549844	2763	1379	6	5	9078000	22
20220520 211200	-0.438305594975992	1900	22	3	5	8533000	23
20220520 211357	-0.79389114254753	4248	3	20	5	8320000	24
20220520 211540	-0.312757757781754	2819	23	18	5	9333000	25
20220520 211612	-0.316151985964352	3636	1037	3	5	8367000	26
20220520 211645	-0.930632709130932	1068	533	3	5	8622000	27
20220520 211855	-0.364150080228781	10	2	20	5	5573000	28
20220520 212029	-0.300228709779291	6938	2	18	5	8403000	29
20220520 212143	-0.258464896032978	2601	319	20	5	9608000	30
20220520 212312	-0.27741920711283	3009	1	13	5	10038000	31
20220520 212431	-0.0970203240659806	769	3	11	5	9643000	32
20220520 212614	-0.095166600451975	4670	3	18	5	8474000	33
20220520 212646	-0.0902288382876207	1996	996	3	5	8367000	34
20220520 212823	-0.14990168977702	23	6	14	5	6670000	35
20220520 212853	-0.40420652851241	7998	436	3	5	8195000	36
20220520 213029	-0.277536139055485	6	1	14	5	9894000	37
20220520 213100	-0.265449844626786	1754	22	3	5	8533000	38
20220520 213221	-0.282860003559297	2190	255	20	5	9447000	39
20220520 213321	-0.259388256112688	3140	1566	14	5	8568000	40
20220520 213445	-0.0619318884291272	109	26	12	5	5795000	41
20220520 213528	-0.108420986285972	96	23	5	5	9416000	42
20220520 213700	-0.583508421061765	375	177	20	5	8e+06	43
20220520 213852	-0.273051008101128	5509	2	20	5	8423000	44
20220520 214015	-0.293806480405983	1879	4	11	5	9739000	45
20220520 214044	-0.553522408322595	2384	615	3	5	8641000	46
20220520 214216	-0.243567962665572	1657	16	15	5	8954000	47
20220520 214402	-0.5143939431747	3012	5	20	5	9335000	48
20220520 214448	-0.495342999049698	379	1	6	5	8626000	49
20220520 214627	-0.726053119345974	136	10	11	5	8124000	50
20220520 214726	-0.752626671695247	8000	1854	11	5	8195000	51
20220520 214841	-0.899986105203384	6495	291	13	5	8634000	52
20220520 214944	-0.524775067559234	3560	1764	18	5	8376000	53
20220520 215013	-0.60515148651834	2290	1	3	5	7761000	54
20220520 215115	-0.518352240579799	5898	1	9	5	8686000	55
20220520 215148	-0.886662135494199	42	9	3	5	8270000	56
20220520 215259	-0.834440181312747	1232	19	10	5	9345000	57
20220520 215411	-0.105716694415083	1013	504	17	5	10979000	58
20220520 215520	-0.106250960566889	1269	632	20	5	9963000	59
20220520 215630	-0.107699311014014	1090	537	14	5	10776000	60
20220520 215659	-0.804020481475185	2117	690	3	5	8456000	61
20220520 215819	-0.108909317001834	1211	341	16	5	10497000	62
20220520 215927	-0.10266273035403	2691	1199	16	5	8893000	63
20220520 220046	-0.102684142591927	884	441	15	5	10577000	64
20220520 220155	-0.106849178996343	1072	536	10	5	10777000	65
20220521 083516	-0.101495422913771	944	459	11	5	10286000	66
20220521 083741	-0.102318332160133	2695	1137	16	5	9370000	67
20220521 083937	-0.100766643945406	916	452	16	5	10523000	68
20220521 084110	-0.282449861737708	2189	814	11	5	9566000	69
20220521 084302	-0.844110676179239	5783	104	20	5	8333000	70
20220521 084538	-0.533059311369965	272	12	17	5	5967000	71
20220521 084632	-0.511989853821669	2405	1184	4	5	9071000	72
20220521 084732	-0.284522548138192	3686	7	5	5	9032000	73
20220521 084857	-0.502717068908562	4454	704	20	5	8956000	74
20220521 085053	-0.105175437050601	2592	50	14	5	9228000	75
20220521 085145	-0.382909103446292	4285	1718	4	5	8339000	76
20220521 085307	-0.56364873825203	4781	1627	20	5	8747000	77
20220521 085407	-0.771368462302024	696	1	6	5	8628000	78
20220521 085516	-0.304929794436668	2681	1338	17	5	8866000	79
20220521 085611	-0.831988990563127	6653	120	3	5	8367000	80
20220521 085710	-0.68264301383664	3134	797	3	5	8292000	81
20220521 085902	-0.825255175511026	2295	1144	14	5	9657000	82
20220521 090020	-0.819667427711579	4117	1998	9	5	8324000	83
20220521 090223	-0.818261808666923	1390	84	16	5	9139000	84
20220521 090401	-0.222490591003417	2601	933	20	5	9261000	85
20220521 090537	-0.203603102609592	7902	1666	20	5	8195000	86
20220521 090700	-0.940122421442545	6026	661	20	5	8720000	87
20220521 090751	-0.957135558293063	7945	1171	7	5	8195000	88
20220521 090850	-0.919662352716455	3713	1848	15	5	8595000	89
20220521 090953	-0.883151832084302	2322	1152	20	5	9660000	90
20220521 091144	-0.891652023718814	67	21	20	5	2863000	91
20220521 091240	-0.876923481422142	7195	1331	20	5	8250000	92
20220521 091345	-0.880771424326906	2400	1181	12	5	9515000	93
20220521 091449	-0.84724789773288	2499	1245	20	5	8708000	94
20220521 091557	-0.820621218192365	5838	397	13	5	8720000	95
20220521 091629	-0.90330088559042	6548	1002	3	5	8367000	96
20220521 091736	-0.571783821642025	4017	444	11	5	9172000	97
20220521 091807	-0.861563605235194	890	433	3	5	8622000	98
20220521 091910	-0.333177576517574	6050	318	10	5	8720000	99
20220521 092108	-0.481032340399437	7503	1	20	5	7739000	100
20220521 092209	-0.416851378481013	3788	1158	12	5	9048000	101
20220521 092315	-0.770757893366082	2130	1046	15	5	9380000	102
20220521 092415	-0.644350578088487	3851	1626	12	5	8438000	103
20220521 092523	-0.740018808115334	2712	1008	20	5	9043000	104
20220521 092703	-0.66395970572404	5289	30	20	5	7582000	105
20220521 092735	-0.209844622979354	3039	1505	3	5	8244000	106
20220521 092834	-0.112562432853784	7697	753	17	5	8101000	107
20220521 092940	-0.118255388244343	1613	779	10	5	9755000	108
20220521 093011	-0.994222924173873	2955	4	3	5	8363000	109
20220521 093043	-0.727682866979575	3331	1665	3	5	8101000	110
20220521 093203	-0.751139960404945	7963	120	16	5	8074000	111
20220521 093304	-0.389171823167821	8000	1153	13	5	8195000	112
20220521 093403	-0.932249861602127	7681	5	8	5	8007000	113
20220521 093504	-0.435621785567567	4099	1999	19	5	8358000	114
20220521 093612	-0.887088126840118	3898	1947	20	5	8153000	115
20220521 093718	-0.961976933819338	2440	1216	16	5	8822000	116
20220521 093822	-0.867735716542313	3639	962	16	5	9047000	117
20220521 093935	-0.8311817607434	1173	528	20	5	10804000	118
20220521 094042	-0.832390684211253	2065	1023	20	5	9364000	119
